5.00
36.79
106.04
160.91
294.33
333.39
379.85
394.80
600.50
635.49
732.44
859.57
1120.13
1330.21
1573.89
1760.52
2808.34
2883.89
2914.41
2862.26
2925.37
2927.09
3060.00
3282.42
3972.19
4418.07
4929.66
5355.45
5844.28
6029.55
6121.90
6061.29
8898.53
8768.78
8852.41
9128.72
9818.11
10550.97
11438.54
12250.26
13495.13
13938.69
14167.75
14097.41
14094.11
13876.55
13855.16
14027.92
15988.47
16813.59
17914.18
19012.34
20248.03
20989.72
21465.92
21529.79
22045.52
21738.38
21579.59
21598.34
22222.11
22992.47
24157.56
25422.74
39920.48
41389.23
42421.97
42770.36
42889.62
42378.14
41908.57
41615.16
42622.92
43465.15
44995.50
46867.08
49203.23
51047.98
52531.85
53293.06
55918.78
55516.67
54973.22
54437.58
54658.82
55197.46
56546.14
58403.68
61611.49
63848.06
65842.92
67112.58
68037.88
67900.97
67432.12
66753.76
73253.04
73423.29
74527.35
76335.18
79137.59
81789.97
84377.44
86283.63
88592.83
88844.56
88526.11
87730.03
87431.12
87200.43
87882.15
89344.82
94751.91
97570.23
100578.80
103062.85
105266.16
106064.34
106116.88
105422.01
105842.25
105237.54
105467.06
106509.48
108983.22
111730.28
114954.28